n = [0 200 400 600 839 981 1115 1246 1368 1484 1599 1703 1807 1893 2008 2102 2192 2269 2291];
thrust = [0 300 600 900 11397 15739 20516 25724 31815 36234 43571 48121 55617 59131 67183 74168 81164 87937 92573];
torque = [0 1 2 4 7.88 10.96 14.86 17.98 21.83 24.95 29.94 34.16 39.01 42.63 49.56 54.42 59.13 62.02 63.90];

% figure; plot(n,torque); grid on
% figure; plot(n,thrust); grid on

